20.0 10.0 58.0 29.333333333333332 
50.0 60.0 75.0 61.666666666666664 
80.0 85.0 87.0 84.0 
90.0 98.0 80.0 89.33333333333333 
40.0 50.6 55.5 48.699999999999996 
60.0 70.8 80.0 70.26666666666667 
65.5 50.0 40.0 51.833333333333336 
55.0 56.0 57.0 56.0 
80.1 85.0 86.0 83.7 
54.0 56.0 75.0 61.666666666666664 
21.0 10.0 50.0 27.0 
52.0 60.0 78.0 63.333333333333336 
83.0 85.0 87.0 85.0 
94.0 98.0 80.0 90.66666666666667 
40.0 50.0 55.0 48.333333333333336 
60.0 72.0 88.0 73.33333333333333 
65.5 50.4 40.0 51.96666666666667 
35.0 36.0 37.0 36.0 
80.0 81.0 82.0 81.0 
55.0 66.0 50.0 57.0 
